Smoothies,Fresa,,,,
Smoothies,Mango,,,,
Smoothies,Frutos rojos,,,,
Smoothies,Plátano,,,,
Smoothies,Sandía,,,,
Smoothies,Melón,,,,
Chamoyada,Fresa,,,,
Chamoyada,Mango,,,,
Jugos,Verde,,,,
Jugos,Antigripal,,,,
Jugos,Energético,,,,
Jugos,Tropical,,,,
Jugos,Orange,,,,
Licuados,Fresa,,,,
Licuados,Mango,,,,
Licuados,Plátano,,,,
Licuados,Fruta de la Temporada,,,,
Fruta,Suprema con miel,,,,
Fruta,Con yogurt,,,,
Fruta,Con sal y limón,,,,
Fruta,Fruta Entera,,,,
Galleta,Chía,,,,
Galleta,Avena,,,,
Agua ,Sandía con menta,,,,
Agua ,Piña naranja,,,,
Agua ,Pepino con chía,,,,
Agua ,Apio con limón,,,,
Salads,Tree-Tuna Salad,,,,
Salads,Tree-Ham Cheese Salad,,,,
Salads,Tree-Green Salad,,,,
Salads,Tree-Fruit Salad,,,,
Salads,Peras con Salami Salad,,,,
Baguette,Ham Cheese Gouda,,,,
Baguette,Tuna Cheese Gouda,,,,
Baguette,Chicken Cheese Gouda,,,,
Baguette,Serrano,,,,
Panini,Green,,,,
Panini,Crimimi,,,,
Panini,Salami,,,,
Ciabatta,Jamón,,,,
Ciabatta,Atún,,,,
Sandwiches,Jamón,,,,
Sandwiches,Atún ,,,,
Tortas,Jamón,,,,
Tortas,Pollo,,,,
Bagels,Queso Crema con frutos rojos,,,,
Bagels,Crema de cacao,,,,
Bagels,Crema de cacahuate,,,,
Bagels,Jamón de pavo ,,,,
Bagels,Jamón de pierna,,,,
Bagels,Pechuga de pollo,,,,
Bagels,Pepperoni,,,,
Bagels,Veggie,,,,
,,,,,
,,,,,
,,,,,
,,,,,
,,,,,
,,,,,
,,,,,
